  0.3321   -0.1193   -0.0652
    0.3436   -0.1193   -0.0652
    0.3551   -0.1193   -0.0652
    0.3206   -0.1193   -0.0537
    0.3264   -0.1193   -0.0480
    0.3321   -0.1193   -0.0537
    0.3379   -0.1193   -0.0480
    0.3436   -0.1193   -0.0537
    0.3551   -0.1193   -0.0537
    0.3436   -0.1135   -0.0480
    0.3551   -0.1135   -0.0480
    0.3264   -0.1250   -0.0422
    0.3321   -0.1193   -0.0422
    0.3321   -0.1250   -0.0365
    0.3379   -0.1193   -0.0365
    0.3379   -0.1135   -0.0422
    0.3436   -0.1078   -0.0422
    0.3436   -0.1135   -0.0365
    0.3551   -0.1078   -0.0422

 0.3321   -0.1157   -0.0658
    0.3436   -0.1157   -0.0658
    0.3551   -0.1157   -0.0658
    0.3206   -0.1137   -0.0547
    0.3254   -0.1188   -0.0454
    0.3321   -0.1137   -0.0547
    0.3359   -0.1182   -0.0419
    0.3436   -0.1137   -0.0547
    0.3551   -0.1137   -0.0547
    0.3436   -0.1126   -0.0481
    0.3551   -0.1126   -0.0481
    0.3269   -0.1253   -0.0437
    0.3323   -0.1194   -0.0428
    0.3336   -0.1259   -0.0412
    0.3391   -0.1200   -0.0405
    0.3378   -0.1135   -0.0421
    0.3436   -0.1114   -0.0416
    0.3447   -0.1141   -0.0398
    0.3551   -0.1114   -0.0416

0     3     5
     0     1     5
     1     5     7
     1     2     7
     2     7     8
     3     4     5
     4    11    12
     4     5    12
     5     6    12
     6    12    15
     6     9    15
     6     7     9
     5     6     7
     8     9    10
     7     8     9
     9    15    16
     9    16    18
     9    10    18
    11    12    13
    14    15    17
    12    14    15
    12    13    14
    15    16    17   

0    1    0.3436   -0.1193   -0.0767
    1    2    0.3551   -0.1193   -0.0767
         0    3    0.3206   -0.1193   -0.0652
    2    8    0.3666   -0.1193   -0.0652
    3    4    0.3206   -0.1250   -0.0480
    4   11    0.3206   -0.1250   -0.0480
    8   10    0.3666   -0.1193   -0.0537
   10   18    0.3666   -0.1078   -0.0422
   11   13    0.3264   -0.1365   -0.0422
   14   17    0.3436   -0.1250   -0.0365
   13   14    0.3436   -0.1250   -0.0365
   16   18    0.3551   -0.1135   -0.0365
   16   17    0.3551   -0.1135   -0.0365


   0    0.3321   -0.1193   -0.0767    0.3206   -0.1193   -0.0652
         0    0.3321   -0.1193   -0.0767    0.3436   -0.1193   -0.0767
    1    0.3436   -0.1193   -0.0767    0.3551   -0.1193   -0.0767
    2    0.3551   -0.1193   -0.0767    0.3666   -0.1193   -0.0767
    2    0.3666   -0.1193   -0.0767    0.3666   -0.1193   -0.0652
    3   0.3206   -0.1193   -0.0652    0.3091   -0.1193   -0.0537
    8    0.3666   -0.1193   -0.0652    0.3666   -0.1193   -0.0537
   11    0.3206   -0.1250   -0.0480    0.3264   -0.1365   -0.0422
    3    0.3091   -0.1193   -0.0537    0.3206   -0.1250   -0.0480
   10    0.3666   -0.1193   -0.0537    0.3666   -0.1135   -0.0480
   10    0.3666   -0.1135   -0.0480    0.3666   -0.1078   -0.0422
   13    0.3264   -0.1365   -0.0422    0.3321   -0.1365   -0.0365
   13    0.3321   -0.1365   -0.0365    0.3436   -0.1250   -0.0365
   17    0.3436   -0.1250   -0.0365    0.3551   -0.1135   -0.0365
   18    0.3666   -0.1078   -0.0422    0.3666   -0.1135   -0.0365
   18    0.3551   -0.1135   -0.0365    0.3666   -0.1135   -0.0365